0	0		4		9		114		68		15		
0.02	5		22		71		860		539		87		
0.04	18		46		148		1807		1141		181		
0.06	37		60		196		2772		1645		236		
0.08	28		84		291		3550		2269		300		
0.1	35		83		319		4538		2658		424		
0.12	55		118		373		5372		3359		488		
0.14	63		137		485		6365		3879		616		
0.16	78		214		563		7558		4384		693		
0.18	86		165		632		8345		4937		743		
0.2	101		199		667		9395		5553		763		
0.22	86		221		775		10525		5943		922		
0.24	104		232		833		11538		6656		1020		
0.26	110		262		939		12852		7134		1066		
0.28	123		282		963		14154		7486		1159		
0.3	136		290		1040		15343		8152		1226		
0.32	133		320		1117		16862		8707		1332		
0.34	142		340		1168		18503		9558		1416		
0.36	178		360		1214		20164		9955		1512		
0.38	159		420		1317		22144		10471		1582		
0.4	165		415		1370		24011		11017		1719		
0.42	199		403		1406		26761		11569		1790		
0.44	216		434		1559		29109		12162		1793		
0.46	192		503		1552		32344		12580		1885		
0.48	219		479		1678		36960		13294		2031		
0.5	214		547		1775		41789		13733		2011		
0.52	224		533		1847		48157		14480		2121		
0.54	235		538		1879		57109		14911		2258		
0.56	206		544		1994		70597		15511		2282		
0.58	258		580		2029		95276		16077		2356		
0.6	264		569		2182		159582		16597		2428		
0.62	275		632		2249		185544		17012		2539		
0.64	301		640		2382		0		17832		2642		
0.66	278		741		2346		0		18503		2679		
0.68	303		682		2480		0		19072		2874		
0.7	293		742		2589		0		19858		2899		
0.72	339		736		2576		0		20300		3010		
0.74	313		752		2694		0		21339		3122		
0.76	365		767		2783		0		21667		3169		
0.78	359		821		2860		0		22431		3234		
0.8	356		828		2904		0		23199		3211		
0.82	341		829		3003		0		23822		3415		
0.84	397		884		3095		0		24574		3552		
0.86	381		910		3170		0		25400		3637		
0.88	389		929		3187		0		26290		3598		
0.9	408		980		3310		0		27046		3744		
0.92	424		937		3445		0		28151		3823		
0.94	412		970		3460		0		28910		3982		
0.96	471		1014		3613		0		29848		3899		
0.98	434		1024		3743		0		30939		4130		
1	442		1058		3752		0		31902		4337		
1.02	467		1078		3972		0		33086		4357		
1.04	445		1027		3927		0		34590		4423		
1.06	460		1179		4110		0		35814		4449		
1.08	511		1099		4083		0		37266		4572		
1.1	528		1194		4270		0		38988		4679		
1.12	515		1213		4403		0		40840		4691		
1.14	545		1264		4483		0		42849		4671		
1.16	498		1215		4637		0		2047		4919		
1.18	514		1258		4766		0		0		4958		
1.2	558		1335		4771		0		0		5080		
1.22	559		1330		4940		0		0		5135		
1.24	507		1263		5056		0		0		5347		
1.26	557		1342		5041		0		0		5365		
1.28	590		1411		5299		0		0		5521		
1.3	555		1378		5363		0		0		5601		
1.32	607		1455		5453		0		0		5674		
1.34	555		1381		5555		0		0		5755		
1.36	570		1482		5688		0		0		5702		
1.38	622		1527		5865		0		0		5934		
1.4	657		1529		5858		0		0		5859		
1.42	625		1582		6157		0		0		6210		
1.44	653		1568		6289		0		0		6176		
1.46	625		1571		6393		0		0		6235		
1.48	683		1646		6717		0		0		6535		
1.5	729		1598		6540		0		0		6440		
1.52	693		1634		6663		0		0		6481		
1.54	722		1733		6979		0		0		6798		
1.56	718		1747		7094		0		0		6819		
1.58	741		1739		7133		0		0		6856		
1.6	756		1826		7414		0		0		7069		
1.62	729		1908		7655		0		0		7092		
1.64	774		1818		8038		0		0		7180		
1.66	746		1863		8090		0		0		7310		
1.68	802		1950		8159		0		0		7471		
1.7	769		1952		8397		0		0		7418		
1.72	821		1957		8672		0		0		7596		
1.74	802		1952		8931		0		0		7886		
1.76	793		2040		9124		0		0		7994		
1.78	797		1921		9384		0		0		8018		
1.8	855		2007		9654		0		0		8198		
1.82	870		2070		10039		0		0		8256		
1.84	886		2120		10136		0		0		8228		
1.86	869		2222		10285		0		0		8332		
1.88	854		2092		10698		0		0		8493		
1.9	867		2202		11082		0		0		8670		
1.92	923		2204		11361		0		0		8906		
1.94	895		2280		11805		0		0		8944		
1.96	904		2259		12036		0		0		9134		
1.98	962		2290		12415		0		0		9367		
2	957		2363		12724		0		0		9492		
2.02	943		2401		13011		0		0		9524		
2.04	961		2401		13777		0		0		9600		
2.06	986		2442		14181		0		0		9782		
2.08	974		2630		14847		0		0		9934		
2.1	1021		2490		15170		0		0		9997		
2.12	1036		2505		15854		0		0		10303		
2.14	1045		2631		16628		0		0		10476		
2.16	1006		2533		16830		0		0		10513		
2.18	1029		2567		17519		0		0		10815		
2.2	1066		2616		18720		0		0		10820		
2.22	1044		2733		19449		0		0		11092		
2.24	1095		2840		20642		0		0		11069		
2.26	1013		2780		21431		0		0		11576		
2.28	1052		2772		22971		0		0		11604		
2.3	1139		2801		23825		0		0		11947		
2.32	1071		2898		25412		0		0		11961		
2.34	1097		2837		27039		0		0		12139		
2.36	1121		2944		29436		0		0		12284		
2.38	1166		3111		31857		0		0		12478		
2.4	1156		3023		34538		0		0		12946		
2.42	1149		2995		38469		0		0		12980		
2.44	1183		3085		42331		0		0		13337		
2.46	1126		3218		48153		0		0		13346		
2.48	1171		3158		2274		0		0		13685		
2.5	1194		3259		0		0		0		14080		
2.52	1222		3252		0		0		0		14352		
2.54	1357		3320		0		0		0		14339		
2.56	1297		3326		0		0		0		14679		
2.58	1290		3366		0		0		0		14979		
2.6	1265		3522		0		0		0		15395		
2.62	1284		3470		0		0		0		15383		
2.64	1302		3631		0		0		0		15851		
2.66	1401		3578		0		0		0		16128		
2.68	1405		3601		0		0		0		16550		
2.7	1343		3669		0		0		0		16779		
2.72	1324		3934		0		0		0		17351		
2.74	1370		3877		0		0		0		17556		
2.76	1373		3838		0		0		0		18006		
2.78	1396		4105		0		0		0		18630		
2.8	1402		3909		0		0		0		18812		
2.82	1454		4035		0		0		0		19326		
2.84	1417		4073		0		0		0		9349		
2.86	1472		4114		0		0		0		0		
2.88	1489		4140		0		0		0		0		
2.9	1487		4255		0		0		0		0		
2.92	1506		4354		0		0		0		0		
2.94	1518		4354		0		0		0		0		
2.96	1483		4483		0		0		0		0		
2.98	1514		4427		0		0		0		0		
3	1546		4602		0		0		0		0		
3.02	1511		4590		0		0		0		0		
3.04	1577		4696		0		0		0		0		
3.06	1633		4878		0		0		0		0		
3.08	1610		4795		0		0		0		0		
3.1	1615		4792		0		0		0		0		
3.12	1659		4913		0		0		0		0		
3.14	1671		5069		0		0		0		0		
3.16	1677		5157		0		0		0		0		
3.18	1747		5181		0		0		0		0		
3.2	1644		5175		0		0		0		0		
3.22	1754		5361		0		0		0		0		
3.24	1747		5440		0		0		0		0		
3.26	1716		5533		0		0		0		0		
3.28	1738		5666		0		0		0		0		
3.3	1717		5693		0		0		0		0		
3.32	1827		5803		0		0		0		0		
3.34	1782		5833		0		0		0		0		
3.36	1797		5880		0		0		0		0		
3.38	1895		5987		0		0		0		0		
3.4	1848		6205		0		0		0		0		
3.42	1871		6290		0		0		0		0		
3.44	1892		6420		0		0		0		0		
3.46	1891		6508		0		0		0		0		
3.48	1923		6567		0		0		0		0		
3.5	1807		6557		0		0		0		0		
3.52	1979		6789		0		0		0		0		
3.54	1964		6852		0		0		0		0		
3.56	2062		6949		0		0		0		0		
3.58	1965		7340		0		0		0		0		
3.6	2126		7473		0		0		0		0		
3.62	2004		7478		0		0		0		0		
3.64	2038		7511		0		0		0		0		
3.66	2135		7805		0		0		0		0		
3.68	2056		8207		0		0		0		0		
3.7	2184		7983		0		0		0		0		
3.72	2129		8144		0		0		0		0		
3.74	2140		8419		0		0		0		0		
3.76	2191		8666		0		0		0		0		
3.78	2247		8768		0		0		0		0		
3.8	2171		8992		0		0		0		0		
3.82	2265		9334		0		0		0		0		
3.84	2307		9435		0		0		0		0		
3.86	2435		9681		0		0		0		0		
3.88	2261		9878		0		0		0		0		
3.9	2262		10167		0		0		0		0		
3.92	2337		10286		0		0		0		0		
3.94	2352		10873		0		0		0		0		
3.96	2374		11055		0		0		0		0		
3.98	2407		11143		0		0		0		0		
4	2458		11624		0		0		0		0		
4.02	2414		12207		0		0		0		0		
4.04	2501		12415		0		0		0		0		
4.06	2562		12725		0		0		0		0		
4.08	2607		13027		0		0		0		0		
4.1	2529		13888		0		0		0		0		
4.12	2613		14241		0		0		0		0		
4.14	2610		14708		0		0		0		0		
4.16	2703		15199		0		0		0		0		
4.18	2713		16086		0		0		0		0		
4.2	2820		16588		0		0		0		0		
4.22	2685		17426		0		0		0		0		
4.24	2796		18303		0		0		0		0		
4.26	2745		19153		0		0		0		0		
4.28	2802		19952		0		0		0		0		
4.3	2827		21308		0		0		0		0		
4.32	2798		22244		0		0		0		0		
4.34	2907		23815		0		0		0		0		
4.36	3011		25658		0		0		0		0		
4.38	2955		27814		0		0		0		0		
4.4	2994		26143		0		0		0		0		
4.42	2973		0		0		0		0		0		
4.44	2979		0		0		0		0		0		
4.46	3153		0		0		0		0		0		
4.48	3118		0		0		0		0		0		
4.5	3054		0		0		0		0		0		
4.52	3178		0		0		0		0		0		
4.54	3161		0		0		0		0		0		
4.56	3215		0		0		0		0		0		
4.58	3273		0		0		0		0		0		
4.6	3313		0		0		0		0		0		
4.62	3512		0		0		0		0		0		
4.64	3385		0		0		0		0		0		
4.66	3379		0		0		0		0		0		
4.68	3441		0		0		0		0		0		
4.7	3390		0		0		0		0		0		
4.72	3570		0		0		0		0		0		
4.74	3608		0		0		0		0		0		
4.76	3634		0		0		0		0		0		
4.78	3754		0		0		0		0		0		
4.8	3643		0		0		0		0		0		
4.82	3840		0		0		0		0		0		
4.84	3712		0		0		0		0		0		
4.86	3767		0		0		0		0		0		
4.88	3771		0		0		0		0		0		
4.9	3943		0		0		0		0		0		
4.92	3941		0		0		0		0		0		
4.94	3996		0		0		0		0		0		
4.96	3996		0		0		0		0		0		
4.98	4143		0		0		0		0		0		
5	4217		0		0		0		0		0		
5.02	4127		0		0		0		0		0		
5.04	4212		0		0		0		0		0		
5.06	4115		0		0		0		0		0		
5.08	4384		0		0		0		0		0		
5.1	4477		0		0		0		0		0		
5.12	4477		0		0		0		0		0		
5.14	4647		0		0		0		0		0		
5.16	4553		0		0		0		0		0		
5.18	4627		0		0		0		0		0		
5.2	4720		0		0		0		0		0		
5.22	4834		0		0		0		0		0		
5.24	4785		0		0		0		0		0		
5.26	4914		0		0		0		0		0		
5.28	4908		0		0		0		0		0		
5.3	5269		0		0		0		0		0		
5.32	5268		0		0		0		0		0		
5.34	5196		0		0		0		0		0		
5.36	5398		0		0		0		0		0		
5.38	5435		0		0		0		0		0		
5.4	5486		0		0		0		0		0		
5.42	5646		0		0		0		0		0		
5.44	5709		0		0		0		0		0		
5.46	5741		0		0		0		0		0		
5.48	5853		0		0		0		0		0		
5.5	5978		0		0		0		0		0		
5.52	5901		0		0		0		0		0		
5.54	6150		0		0		0		0		0		
5.56	6104		0		0		0		0		0		
5.58	6351		0		0		0		0		0		
5.6	6429		0		0		0		0		0		
5.62	6577		0		0		0		0		0		
5.64	6633		0		0		0		0		0		
5.66	6698		0		0		0		0		0		
5.68	6922		0		0		0		0		0		
5.7	7084		0		0		0		0		0		
5.72	7104		0		0		0		0		0		
5.74	7285		0		0		0		0		0		
5.76	7473		0		0		0		0		0		
5.78	7528		0		0		0		0		0		
5.8	7795		0		0		0		0		0		
5.82	7972		0		0		0		0		0		
5.84	8088		0		0		0		0		0		
5.86	8338		0		0		0		0		0		
5.88	8493		0		0		0		0		0		
5.9	8690		0		0		0		0		0		
5.92	8736		0		0		0		0		0		
5.94	9053		0		0		0		0		0		
5.96	9293		0		0		0		0		0		
5.98	9591		0		0		0		0		0		
6	9704		0		0		0		0		0		
6.02	10101		0		0		0		0		0		
6.04	10503		0		0		0		0		0		
6.06	10625		0		0		0		0		0		
6.08	11062		0		0		0		0		0		
6.1	11346		0		0		0		0		0		
6.12	11849		0		0		0		0		0		
6.14	12169		0		0		0		0		0		
6.16	12568		0		0		0		0		0		
6.18	13250		0		0		0		0		0		
6.2	13765		0		0		0		0		0		
6.22	14211		0		0		0		0		0		
6.24	14953		0		0		0		0		0		
6.26	15496		0		0		0		0		0		
6.28	16304		0		0		0		0		0		
6.3	17092		0		0		0		0		0		
6.32	18159		0		0		0		0		0		
6.34	18802		0		0		0		0		0		
6.36	20204		0		0		0		0		0		
6.38	21829		0		0		0		0		0		
6.4	23205		0		0		0		0		0		
6.42	20956		0		0		0		0		0		
6.44	0		0		0		0		0		0		
6.46	0		0		0		0		0		0		
6.48	0		0		0		0		0		0		
6.5	0		0		0		0		0		0		
6.52	0		0		0		0		0		0		
6.54	0		0		0		0		0		0		
6.56	0		0		0		0		0		0		
6.58	0		0		0		0		0		0		
6.6	0		0		0		0		0		0		
6.62	0		0		0		0		0		0		
6.64	0		0		0		0		0		0		
6.66	0		0		0		0		0		0		
6.68	0		0		0		0		0		0		
6.7	0		0		0		0		0		0		
6.72	0		0		0		0		0		0		
6.74	0		0		0		0		0		0		
6.76	0		0		0		0		0		0		
6.78	0		0		0		0		0		0		
6.8	0		0		0		0		0		0		
6.82	0		0		0		0		0		0		
6.84	0		0		0		0		0		0		
6.86	0		0		0		0		0		0		
6.88	0		0		0		0		0		0		
6.9	0		0		0		0		0		0		
6.92	0		0		0		0		0		0		
6.94	0		0		0		0		0		0		
6.96	0		0		0		0		0		0		
6.98	0		0		0		0		0		0		
7	0		0		0		0		0		0		
7.02	0		0		0		0		0		0		
7.04	0		0		0		0		0		0		
7.06	0		0		0		0		0		0		
7.08	0		0		0		0		0		0		
7.1	0		0		0		0		0		0		
7.12	0		0		0		0		0		0		
7.14	0		0		0		0		0		0		
7.16	0		0		0		0		0		0		
7.18	0		0		0		0		0		0		
7.2	0		0		0		0		0		0		
7.22	0		0		0		0		0		0		
7.24	0		0		0		0		0		0		
7.26	0		0		0		0		0		0		
7.28	0		0		0		0		0		0		
7.3	0		0		0		0		0		0		
7.32	0		0		0		0		0		0		
7.34	0		0		0		0		0		0		
7.36	0		0		0		0		0		0		
7.38	0		0		0		0		0		0		
7.4	0		0		0		0		0		0		
7.42	0		0		0		0		0		0		
7.44	0		0		0		0		0		0		
7.46	0		0		0		0		0		0		
7.48	0		0		0		0		0		0		
7.5	0		0		0		0		0		0		
7.52	0		0		0		0		0		0		
7.54	0		0		0		0		0		0		
7.56	0		0		0		0		0		0		
7.58	0		0		0		0		0		0		
7.6	0		0		0		0		0		0		
7.62	0		0		0		0		0		0		
7.64	0		0		0		0		0		0		
7.66	0		0		0		0		0		0		
7.68	0		0		0		0		0		0		
7.7	0		0		0		0		0		0		
7.72	0		0		0		0		0		0		
7.74	0		0		0		0		0		0		
7.76	0		0		0		0		0		0		
7.78	0		0		0		0		0		0		
7.8	0		0		0		0		0		0		
7.82	0		0		0		0		0		0		
7.84	0		0		0		0		0		0		
7.86	0		0		0		0		0		0		
7.88	0		0		0		0		0		0		
7.9	0		0		0		0		0		0		
7.92	0		0		0		0		0		0		
7.94	0		0		0		0		0		0		
7.96	0		0		0		0		0		0		
7.98	0		0		0		0		0		0		
8	0		0		0		0		0		0		
8.02	0		0		0		0		0		0		
8.04	0		0		0		0		0		0		
8.06	0		0		0		0		0		0		
8.08	0		0		0		0		0		0		
8.1	0		0		0		0		0		0		
8.12	0		0		0		0		0		0		
8.14	0		0		0		0		0		0		
8.16	0		0		0		0		0		0		
8.18	0		0		0		0		0		0		
8.2	0		0		0		0		0		0		
8.22	0		0		0		0		0		0		
8.24	0		0		0		0		0		0		
8.26	0		0		0		0		0		0		
8.28	0		0		0		0		0		0		
8.3	0		0		0		0		0		0		
8.32	0		0		0		0		0		0		
8.34	0		0		0		0		0		0		
8.36	0		0		0		0		0		0		
8.38	0		0		0		0		0		0		
8.4	0		0		0		0		0		0		
8.42	0		0		0		0		0		0		
8.44	0		0		0		0		0		0		
8.46	0		0		0		0		0		0		
8.48	0		0		0		0		0		0		
8.5	0		0		0		0		0		0		
8.52	0		0		0		0		0		0		
8.54	0		0		0		0		0		0		
8.56	0		0		0		0		0		0		
8.58	0		0		0		0		0		0		
8.6	0		0		0		0		0		0		
8.62	0		0		0		0		0		0		
8.64	0		0		0		0		0		0		
8.66	0		0		0		0		0		0		
8.68	0		0		0		0		0		0		
8.7	0		0		0		0		0		0		
8.72	0		0		0		0		0		0		
8.74	0		0		0		0		0		0		
8.76	0		0		0		0		0		0		
8.78	0		0		0		0		0		0		
8.8	0		0		0		0		0		0		
8.82	0		0		0		0		0		0		
8.84	0		0		0		0		0		0		
8.86	0		0		0		0		0		0		
8.88	0		0		0		0		0		0		
8.9	0		0		0		0		0		0		
8.92	0		0		0		0		0		0		
8.94	0		0		0		0		0		0		
8.96	0		0		0		0		0		0		
8.98	0		0		0		0		0		0		
9	0		0		0		0		0		0		
9.02	0		0		0		0		0		0		
9.04	0		0		0		0		0		0		
9.06	0		0		0		0		0		0		
9.08	0		0		0		0		0		0		
9.1	0		0		0		0		0		0		
9.12	0		0		0		0		0		0		
9.14	0		0		0		0		0		0		
9.16	0		0		0		0		0		0		
9.18	0		0		0		0		0		0		
9.2	0		0		0		0		0		0		
9.22	0		0		0		0		0		0		
9.24	0		0		0		0		0		0		
9.26	0		0		0		0		0		0		
9.28	0		0		0		0		0		0		
9.3	0		0		0		0		0		0		
9.32	0		0		0		0		0		0		
9.34	0		0		0		0		0		0		
9.36	0		0		0		0		0		0		
9.38	0		0		0		0		0		0		
9.4	0		0		0		0		0		0		
9.42	0		0		0		0		0		0		
9.44	0		0		0		0		0		0		
9.46	0		0		0		0		0		0		
9.48	0		0		0		0		0		0		
9.5	0		0		0		0		0		0		
9.52	0		0		0		0		0		0		
9.54	0		0		0		0		0		0		
9.56	0		0		0		0		0		0		
9.58	0		0		0		0		0		0		
9.6	0		0		0		0		0		0		
9.62	0		0		0		0		0		0		
9.64	0		0		0		0		0		0		
9.66	0		0		0		0		0		0		
9.68	0		0		0		0		0		0		
9.7	0		0		0		0		0		0		
9.72	0		0		0		0		0		0		
9.74	0		0		0		0		0		0		
9.76	0		0		0		0		0		0		
9.78	0		0		0		0		0		0		
9.8	0		0		0		0		0		0		
9.82	0		0		0		0		0		0		
9.84	0		0		0		0		0		0		
9.86	0		0		0		0		0		0		
9.88	0		0		0		0		0		0		
9.9	0		0		0		0		0		0		
9.92	0		0		0		0		0		0		
9.94	0		0		0		0		0		0		
9.96	0		0		0		0		0		0		
9.98	0		0		0		0		0		0		
